 20 215
18 254
 23 721
19 151
 13 227
 17 200
 15 143
 13 110
 15 125
 13 173
 16 131
 20 170
 23 204
 21 179
 17 163
 22 203
 15 208
 17 234
 16 197
 12 155
 20 239
 18 167
 22 228
 17 179
 15 170
 14 152
 21 157
 18 179
 13 218
 13 158
 17 160
 14 121
 14 120
 12 109
 16 236
 22 238
 17 491
 15 152
 17 119
 13 212
 15 209
 19 182
 17 149
 21 173
 13 343
 13 215
 13 150
 13 143
 20 307
 21 173
 21 218
 17 179
 21 154
 14 158
 12 173
14 221
 22 178
 12 165
 20 191
 15 182
 16 150
 13 171
 15 191
 14 146
 14 140
 18 151
 21 194
 16 191
 17 172
 21 164
 15 142
 20 183
 21 379
 22 212
 19 161
 18 180
 19 233
 12 134
 19 275
 16 164
 22 246
 19 163
 17 213
 13 143
 12 118
 12 131
 18 179
 21 225
 14 155
 17 302
 17 157
 22 166
 21 248
 13 129
 21 207
 20 165
 19 152
 21 180
 15 166
 17 205
 20 214
 15 215
 12 112
 09 102
 17 211
 18 188
 20 299
 17 167
 21 164
 16 141
 14 169
13 173
 17 191
 20 251
 23 315
 13 167
 10 114
 13 152
 19 206
 14 185
 23 200
 22 219
 14 121
 15 128
 21 163
 21 158
 15 124
 16 176
 18 170
 14 141
 20 152
 14 157
 15 168
 15 140
 19 162
 14 132
 13 115
 20 159
 7 100
 13 115
 20 158
 19 178
 20 272
 20 213
 14 173
 17 218
 23 159
 20 191
 13 122
 22 163
 13 128
 6 101
 19 158
 18 198
 21 302
 14 158
 17 128
 20 170
 16 198
 21 188
 14 221
 16 205
 20 189
 15 164
 11 110
 21 475
 23 209
 17 182
 21 202
 14 167
 22 494
 20 374
 18 176
 15 157
 21 173
 12 109
 20 194
 14 155
 16 175
 14 146
 14 191
 12 146
 13 143
 19 152
 12 112
 14 149
 15 158
 14 143
 14 167
 16 173
 19 154
 21 200
 22 266
 19 165
 21 193
 14 158
 14 180
 21 203
 17 191
 12 107
 16 167
 17 176
 15 118
 16 158
 14 155
 13 146
 14 194
 20 164
 21 159
 20 229
 15 197
 22 212
 15 201
 16 179
 21 215
 20 484
 12 143
 22 366
 18 278
 15 155
 15 138
 18 233
 18 221
 14 152
 13 142
 23 294
 19 159
 21 181
 17 149
 20 182
 22 273
 17 155
 21 197
 17 162
 23 248
 16 136
 14 171
 15 185
 15 159
 15 126
 22 188
 17 173
 17 151
 12 119
 19 159
 12 113
 23 268
 12 173
 13 191
 17 245
 18 282
 16 152
 14 149
 17 201
 17 136
 22 451
 21 191
 13 146
 15 182
 21 165
 18 195
 14 109
 19 164
 20 175
 18 158
 18 146
 12 167
 21 259
 20 182
 17 200
 15 255
 13 109
 18 141
 16 166
 8 103
 16 152
 17 163
 22 198
 19 170
 11 118
 14 159
 17 146
 17 211
 12 136
 19 161
 14 155
 14 132
 16 181
 8 103
 23 140
 19 170
 11 111
 13 110
14 228
19 218
14 141
 18 188
 23 290
13 152
 12 145
16 224
17 201
 13 149
16 155
